23.17680094920226 80.02223828857623
23.176554374907724 80.02142021480425
23.17645821080971 80.02146313014966
23.176699853796457 80.02227852171256
23.176598758314267 80.02230802601254
23.176359580893823 80.02150336328599
23.176258485154605 80.02152213874959
23.17648533402384 80.02235094135794
23.17639410137266 80.02241531437608
23.176169718101107 80.02155700746775
23.17607355372671 80.02160260502225
23.17628560840921 80.02243945425788
23.17617958110995 80.02245822972148
23.17595519747874 80.02164820257676
23.175839306884537 80.021685753504
23.176078485234772 80.02249041623055